RTP datagrams 133255, lost 523, reordered 217, TS continuity errors 334
video frames 14028, audio blocks 61918, capture 635.6 s
audio PTS: 162 gaps (worst 120 ms), 0 overlaps
audio bytes/wall-s 191304 (192000 is real time): 0.9964 x
audio PTS rate vs wall clock (regression): 0.999987  (-13 ppm; jitter at the ends cannot fake this)
PCR: 14028 samples, PCR rate vs wall clock 0.999980 (-20 ppm), arrival delay spread 803 ms
  worst late arrival +803 ms (a sink with a 400 ms lead starves past +400)
per-second: wall  video  audio  a-v offset(ms)  pcr lag(ms)
    0     26      0
    1     22      0
    2     28      0
    3     23      0
    4     26      0
    5     26      0
    6     24      0
    7     24      0
    8     22      0
    9     22      0
   10     25      0
   11     23      0
   12     22      0
   13     19     15       -61       -82
   14     26    114       -70        -9
   15     22     95       -67       -18
   16     24    103       -63       -77
   17     23    104       -66       -85
   18     23    100       -86       -80
   19     20     93       -64       -29
   20     23    103       -67       -38
   21     22     97       -89       -59
   22     24    108       -67       -90
   23     22    100       -65       -80
   24     22     98       -69       -75
   25     22    100       -66       -49
   26     22     98       -66       -66
   27     23    104       -64       -82
   28     21     96       -60       -83
   29     22     98       -69       -56
   30     22     98       -60       -84
   31     22     99       -67       -91
   32     23    104       -60       -90
   33     20     91       -63       -72
   34     23    102       -65       -72
   35     23    104       -63       -87
   36     22     98       -67       -53
   37     21     90      -106       -47
   38     23    107       -66       -57
   39     21     96       -60       -86
   40     23    106       -65       -46
   41     21     94       -64       -63
   42     23    103       -69       -73
   43     20     91       -67       -51
   44     21     95       -60       -15
   45     24    112       -62       -31
   46     17     74       -87      +235
   47     28    129       -62       -85
   48     21     94       -61       -78
   49     23     99      -102       -43
   50     23    105       -84       -50
   51     13     60       -67       -74
   52     31    143       -68       -84
   53     21     98       -67       -83
   54     23    103       -70       -79
   55     21     95       -69       -88
   56     22    102       -66       -79
   57     23    103       -64       -83
   58     22     98       -69       -73
   59     21     95       -69       -79
   60     23    105       -62       -89
   61     22     98       -70       -78
   62     23    104       -63       -79
   63     21     95       -65       -88
   64     22     99       -66       -59
   65     22    103       -60       -81
   66     21     92       -84       -50
   67     22     99       -65       -14
   68     24    105       -89       -63
   69     20     89      -103       -83
   70     21    102       -62       -11
   71     25    112       -68       -85
   72     21     94       -69       -81
   73     21     99       -97       -85
   74     22    101       -60       -82
   75     21     95       -62       -86
   76     24    106       -64       -71
   77     22     99       -66       -85
   78     23    103       -60       -84
   79     22     99       -64       -81
   80     22     98       -63       -52
   81     22    100       -64       -85
   82     21     98       -61       -81
   83     23    104       -64       -79
   84     21     94       -65       -85
   85     22     99       -66       -78
   86     23    103       -62       -77
   87     23    104       -67       -85
   88     20     90       -94       -55
   89     22    103       -62       -74
   90     23    103       -61       -69
   91     20     89       -55       -42
   92     22     98       -61       -51
   93     22    106       -64       -84
   94     23    103       -63       -37
   95     22    100       -63       -56
   96     21     93       -63       -81
   97     24    109       -62       -77
   98     21     94       -68       -88
   99     21     94       -70       -85
  100     25    112       -69       -89
  101     22    100       -66       -73
  102     21     92       -60       -52
  103     22    102       -66       -86
  104     23    104       -60       -83
  105     22     99       -63       -71
  106     21     94       -69       -79
  107     23    104       -61       -83
  108     23    102       -68       -89
  109     18     82       -61       -84
  110     25    113       -61       -24
  111     23    103       -61       -74
  112     22     99       -63       -57
  113     21     95       -62       -76
  114     23    102       -69       -75
  115     23    104       -61       -47
  116     22     98       -66       -43
  117     21     95       -65        -4
  118     20     88      -111       -88
  119     24    117       -62       -51
  120     22     99       -70       -82
  121     20     91       -65       -56
  122     23     99      -109       -67
  123     24    112       -68       -71
  124     18     85       -64       -55
  125     25    113       -66       -66
  126     23    103       -66       -87
  127     22     99       -65       -78
  128     21     94       -70       -87
  129     22    102       -60       -72
  130     21     93       -61       -78
  131     23    101       -91       -53
  132     22    101       -65       -76
  133     23    104       -61       -78
  134     22     98       -68       -54
  135     21     95       -65       -66
  136     23    103       -69       -77
  137     23    105       -62       -88
  138     22     98       -61       -42
  139     21     94       -67       -61
  140     18     81       -70       -54
  141     27    124       -68       -76
  142     20     90       -61       -14
  143     25    111       -66       -85
  144     21     98       -66       -86
  145     21     96       -58       -81
  146     23    102       -66       -79
  147     22    100       -61       -61
  148     21     94       -63       -80
  149     19     84       -66       -85
  150     27    122       -69       -84
  151     20     91       -66       -83
  152     23    107       -61       -61
  153     22     92      -110       -65
  154     23    105       -98       -86
  155     21    100       -65       -83
  156     22     98       -65       -50
  157     21     97       -67       -75
  158     23    103       -68       -83
  159     22    100       -69       -81
  160     22     99       -70       -49
  161     21     95       -62       -63
  162     22    103       -64       -69
  163     22    103       -69       -72
  164     20     90       -65        -2
  165     23    104       -63       -49
  166     21     94       -69        -5
  167     22     99       -65       -30
  168     17     75       -80      +284
  169     30    137       -66       -72
  170     22     98       -69       -79
  171     22     98       -67       -75
  172     12     54       -65      +101
  173     27    115       -99       +33
  174     19     89       -68       -44
  175     25    113       -61       -76
  176     23     97      -108       -37
  177     22    106       -65       -41
  178     20     90       -61       -85
  179     25    111       -69       -86
  180     22     94      -109       -51
  181     23    108       -62       -71
  182     21     95       -67       -82
  183     19     89       -65       -65
  184     25    111      -109       -80
  185     22    104       -64       -68
  186     21     94       -62       -69
  187     23    104       -62       -48
  188     22     98       -63       -45
  189     20     92       -59       -68
  190     22     99       -65       +10
  191     24    109       -61       -64
  192     21     97       -64       -81
  193     18     80       -68       -81
  194     25    113       -64       -64
  195     24    109       -63       -70
  196     22     98       -70       -78
  197     21    100       -64       -64
  198     21     94       -68       -80
  199     23    108       -65       -70
  200     21     97       -64       -72
  201     22    100       -59       -66
  202     23    102       -68       -64
  203     22    100       -61       -56
  204     21     97       -62       -42
  205     22     99       -65       -74
  206     23    103       -69       -76
  207     22    100       -61       -50
  208     20     93       -61       -42
  209     22     99       -57       -61
  210     23    103       -69       -77
  211     21     94       -64       -77
  212     22    100       -60       -54
  213     21     94       -66       -35
  214     23    102       -81       -52
  215     22    100       -66        +3
  216     24    109       -63       -65
  217     23    103       -63       -69
  218     22     98       -66       -84
  219     23    103       -64       -82
  220     21     98       -64       -79
  221     22    100       -59       -68
  222     21     94       -68       -66
  223     21     94       -68       -78
  224     23    109       -66       -72
  225     22     99       -65       -47
  226     22     99       -67       -77
  227     23    103       -62       -80
  228     21     98       -68       -66
  229     22     99       -61       -29
  230     22     99       -68       -79
  231     23    103       -63       -76
  232     22     99       -66       -59
  233     21     94       -68       -76
  234     23    105       -65       -85
  235     23    102       -66       -78
  236     21     99       -65       -61
  237     21     94       -67       -73
  238     18     81       -69       -64
  239     26    121       -60       -46
  240     23    104       -66       -62
  241     21     91       -97       -44
  242     23    106       -64       -48
  243     22     99       -61       -69
  244     14     64       -60       -75
  245     29    126       -65       -83
  246     24    108       -64       -62
  247     21     95       -62       -83
  248     14     63       -70       -71
  249     32    144       -63       -79
  250     22     99       -60       -73
  251     21     93       -61       -73
  252     23    104       -63       -74
  253     22    102       -19       -60
  254     22     98       -66       -54
  255     21     94       -65       -64
  256     23    104       -63       -76
  257     23    103       -69       -70
  258     21     98       -68       -50
  259     21     95       -64       -70
  260     23    104       -62       -81
  261     22    102       -61       -80
  262     20     89       -66       -52
  263     21     99       -60       -59
  264     21     91      -102       +61
  265     25    116       -67       -72
  266     22     97       -61       -70
  267     22     99       -65       -70
  268     21     99       -70       -43
  269     22     98       -70       -77
  270     23    104       -69       -79
  271     22     99       -68       -73
  272     22    100       -65       -55
  273     22     98       -68       -80
  274     18     82       -68       -75
  275     27    121       -67       -66
  276     22    100       -63       -58
  277     22     98       -66       -74
  278     22    100       -65       -73
  279     23    103       -64       -80
  280     22     99       -67       -58
  281     20     97       -61       -43
  282     22    100       -63       -77
  283     22    102       -66       -77
  284     20     90       -68       -56
  285     23    103       -66       -68
  286     23    104       -64       -82
  287     23    103       -67       -78
  288     19     89       -57       -49
  289     23    103       -62       -62
  290     20     90       -70       -12
  291     19     83      -102      +121
  292     27    125       -58       -31
  293     19     85       -67       -72
  294     17     81       -62       -73
  295     25    111       -77       -39
  296     22    100       -67       -64
  297     21     95       -70       -24
  298     28    126       -67       -63
  299     22     99       -70       -81
  300     22    100       -64       -81
  301     22     99       -67       -69
  302     18     85       -69       -75
  303     25    113       -68       -74
  304     23    104       -62       -72
  305     22     99       -66       -72
  306     21     95       -69       -81
  307     22    100       -64       -74
  308     22    100       -61       -70
  309     22    103       -61       -66
  310     20     90       -66       -53
  311     23    104       -60       -43
  312     23    103       -60       -53
  313     21     94       -67       -27
  314     22    100       -64       -48
  315     19     81      -104       -41
  316     24    107       -68        +6
  317     25    112       -66       -69
  318     22    100       -65       -65
  319     23     98      -114       -61
  320     21    100       -63       -74
  321     23    103       -69       -81
  322     23    101       -97       -80
  323     22    101       -68       -69
  324     21     96       -64       -69
  325     23    104       -62       -76
  326     22     99       -67       -69
  327     22     98       -68       -45
  328     22    100       -67       -77
  329     22     99       -67       -76
  330     23    104       -63       -76
  331     22     98       -63       -44
  332     22     99       -66       -81
  333     22     99       -69       -71
  334     23    105       -63       -77
  335     20     89       -67       -59
  336     22    102       -67       -57
  337     23    102       -85       -73
  338     21     92      -116        -3
  339     21    102       -61       -57
  340     18     81       -69       -11
  341     26    122       -61       -74
  342     21     94       -65       -75
  343     24    108       -61       -75
  344     23    103       -67       -72
  345     22     96       -99       -64
  346     22    102       -63       -80
  347     22     99       -65       -75
  348     22    100       -60       -66
  349     23    102       -69       -64
  350     21     95       -62       -67
  351     23    104       -60       -74
  352     22     99       -67       -71
  353     21     95       -62       -73
  354     23    104       -61       -77
  355     23    103       -61       -79
  356     22     99       -68       -62
  357     21     94       -69       -76
  358     22    102       -68       -75
  359     23    104       -65       -74
  360     22    100       -62       -67
  361     21     94       -65       -75
  362     23    102       -67       -68
  363     22     99       -69       -43
  364     22    103       -65       -50
  365     21     94       -59       -57
  366     21     94       -71       +64
  367     22     99       -64        -4
  368     25    112       -67       -75
  369     21     93      -112       -44
  370     17     82       -63       -73
  371     25    112       -60       -72
  372     23    103       -66       -79
  373     24    107       -65       -58
  374     23    104       -63       -74
  375     19     86       -64       -74
  376     25    113       -64       -74
  377     23    102       -61       -79
  378     22     95      -103       -59
  379     20     93       -64       -77
  380     23    104       -67       -74
  381     23    102       -69       -76
  382     22    100       -66       -59
  383     21     95       -64       -69
  384     22    100       -62       -51
  385     23    102       -67       -48
  386     21     95       -67       -67
  387     23    104       -61       -76
  388     20     91       -53       -57
  389     23    102       -64       -62
  390     23    100      -103       -15
  391     24    111       -68       -74
  392     21     96       -62       -63
  393     23    102       -63       -72
  394     23    103       -64       -74
  395     22     98       -67       -74
  396     21     90      -112       -44
  397     19     93       -68       -71
  398     20     93       -61       -70
  399     22    103       -60       -63
  400     26    111      -113       -49
  401     22    103       -69       -68
  402     22    100       -64       -70
  403     23    103       -60       -59
  404     20     93       -63       -73
  405     22    102       -67       -76
  406     22    101       -63       -71
  407     23    103       -64       -72
  408     21     94       -65       -33
  409     22     99       -61       -52
  410     23    104       -63       -64
  411     22     98       -73       -26
  412     21     95       -64       -47
  413     22    102       -66       -53
  414     23    104       -61       -58
  415     18     80       -78       +60
  416     26    119       -64       -61
  417     21     97       -61       -50
  418     21     95       -68       -74
  419     22     99       -68       -64
  420     17     82       -70       -72
  421     22     99       -69       -58
  422     22     99       -65       -68
  423     11     49       -66       -54
  424     28    127       -68       -70
  425     28    124       -69       -24
  426     22    100       -66       -76
  427     17     79       -64       -66
  428     21     99       -67       -74
  429     25    113       -61       -70
  430     23    104       -63       -76
  431     23    102       -69       -59
  432     22    101       -62       -53
  433     21     94       -62       -71
  434     22    100       -63       -50
  435     23    102       -69       -50
  436     22    104       -64       -65
  437     20     89       -69       +14
  438     23    105       -60       -48
  439     21     93       -67        -5
  440     21     96       -62       +55
  441     26    116       -69       -63
  442     22    100       -70       -63
  443     21     94       -65       -75
  444     23    104       -63       -69
  445     23    103       -62       -76
  446     22     99       -69       -61
  447     23    100       -95       -72
  448     18     84       -69       -75
  449     25    116       -64       -75
  450     22     98       -76       -46
  451     23    104       -64       -73
  452     16     73       -65       -74
  453     26    124       -61       -70
  454     22     93      -113       -58
  455     21     99       -62       -67
  456     23    104       -63       -72
  457     23    102       -68       -73
  458     23     99      -113       -78
  459     20     95       -62       -60
  460     23    103       -68       -72
  461     23    103       -64       -72
  462     20     91       -60       -59
  463     19     88       -62       -35
  464     22    103       -60       -68
  465     23    103       -65        -7
  466     24    109       -69       -71
  467     22     97       -66       -67
  468     22     99       -66       -41
  469     22     98       -69       -56
  470     20     90       -67       -67
  471     16     72       -67       +10
  472     28    130       -17       -70
  473     21     97       -60       -19
  474     24    108       -64       -59
  475     23    103       -66       -72
  476     22    100       -67       -59
  477     21     90       -97       -53
  478     23    107       -63       -68
  479     23    103       -65       -63
  480     22     99       -65       -37
  481     20     88      -111       -67
  482     23    108       -66       -70
  483     22     99       -64       -50
  484     21     95       -61       -71
  485     23    102       -61       -70
  486     22    100       -63       -40
  487     23    103       -62       -43
  488     21     95       -68       -34
  489     20     95       -65       +11
  490     19     86       -67       +75
  491     27    121       -65       -71
  492     22     99       -64       -67
  493     21     97       -61       -37
  494     22     99       -66       -59
  495     20     93       -65       -71
  496     22    100       -62       -68
  497     25    111       -67       -65
  498     22    100       -64       -60
  499     22     98       -68       -72
  500     22    100       -66       -69
  501     23    103       -61       -69
  502     22     99       -64       -52
  503     22     98       -63       -69
  504     22     99       -67       -70
  505     21     94       -62       -66
  506     23    103       -68       -62
  507     23    103       -70       -73
  508     22    100       -65       -45
  509     22    101       -70       -58
  510     21     95       -68       -68
  511     23    103       -66       -73
  512     22     95      -104       -40
  513     23    107       -62       -38
  514     20     92       -65       -20
  515     20     90       -65        +5
  516     25    110      -109       -76
  517     22    103       -69       -71
  518     22    100       -69       -63
  519     21     95       -63       -73
  520     22     99       -63       -56
  521     23    106       -69       -71
  522     22     99       -62       -64
  523     23    103       -65       -69
  524     22     99       -66       -64
  525     22     96       -95       -69
  526     22    102       -69       -67
  527     21     98       -65       -39
  528     22     99       -63       -69
  529     22     99       -67       -66
  530     23    104       -65       -73
  531     22     99       -65       -49
  532     21     95       -66       -67
  533     23    103       -66       -63
  534     23    104       -62       -70
  535     20     90       -53       -50
  536     23    104       -62       -65
  537     22     99       -60       -29
  538     19     89       -69       -53
  539     23    108       -63       -59
  540     20     88       -96       -21
  541     23    103       -92       -70
  542     21    101       -69       -71
  543     23     99      -110       -73
  544     18     86       -62       -64
  545     23    104       -63       -66
  546     22    100       -61       -61
  547     26    115       -65       -73
  548     20     90       -69       -65
  549     23    104       -64       -67
  550     22     99       -68       -65
  551     22     99       -69       -60
  552     22    103       -62       -68
  553     21     91      -104       -33
  554     22    103       -69       -62
  555     23    103       -68       -68
  556     22    100       -63       -50
  557     21     95       -68       -72
  558     22    100       -67       -35
  559     23    103       -61       -49
  560     23    103       -68       -57
  561     21     95       -62       -65
  562     19     87       -61       -39
  563     24    111       -64       -34
  564     23    103       -78       -46
  565     20     91       -68       +16
  566     23    100      -113       -19
  567     22    104       -63       -68
  568     21     94       -70       -30
  569     22     99       -67       -60
  570     24    107       -69       -41
  571     23    104       -63       -52
  572     22     99       -68       -69
  573     22     98       -62       -68
  574     23    102       -69       -59
  575     22     99       -66       -42
  576     22    100       -66       -67
  577     22     99       -66       -60
  578     23    103       -69       -64
  579     20     94       -60       -67
  580     22     99       -68       -66
  581     22    101       -67       -67
  582     22     99      -104       -69
  583     20     94       -65       -53
  584     23    104       -63       -52
  585     22     99       -63        -7
  586     22     97       -86        +8
  587     22     99       -62       -51
  588     22    103       -70       -29
  589     21     91      -105       +12
  590     20     91       -98       -36
  591     25    113       -73       -32
  592     23    104       -64       -44
  593     22     98       -60       -60
  594     23    104       -61       -66
  595     22     98       -67       -71
  596     22    100       -64       -40
  597     22     99       -64       -67
  598     21     98       -67       -57
  599     23    103       -68       -67
  600     22     99       -63       -59
  601     22     98       -62       -66
  602     22     99       -62       -53
  603     23    103       -66       -63
  604     22     98       -62       -42
  605     22     98       -62       -62
  606     22    100       -55       -48
  607     23    103       -64       -59
  608     20     90       -68       -44
  609     23    105       -60       -63
  610     23    104       -56       -61
  611     23    102       -67       -66
  612     20     90       -62       -41
  613     23    103       -63       -45
  614     23    103       -62       -51
  615     23    100      -101       -61
  616     17     80       -60       +37
  617     27    121       -64       -51
  618     22     96       -90       -58
  619     22    102       -61       -57
  620     22    102       -57       -53
  621     22     97       -69       -52
  622     20     91       -62       +71
  623     24    108       -66       -64
  624     23     98      -111       -41
  625     22    104       -63       -57
  626     22     99       -59       -67
  627     22     99       -65       -62
  628     23    103       -61       -61
  629     17     80       -59       -58
  630     24    111       -87       -30
  631     21    100       -64       -64
  632     23    103       -62       -67
  633     22     99       -67       -44
  634     21     95       -59       -59
  635     14     59       -98       +30
